9.2103403719761827360719658187374568304044059545150919041333116038702904387094099209439888203583931933678711361691449945336381018603312270266651494763951267579316288333022187233751995793049327941135740212358615109305153846534648891507928795469861746698976169730974606201957372597575659184776176008884204068566992014752336050588322742270972864913420880459218654862636485493802991427790733854467168407225780282592001110010739666986202347427742693682682324545716898217623035702896832965258782756067035761027105245427677168133506348566640920422812358538288301761483389879760673077131233924737157259394099794579487717096804750

9.21034037197618273607196581873745683040440595451509190413331160387029043870940992094398882035839319336787113616914499453363810186033122702666514947639512675793162883330221872337519957930493279411357402123586151093051538465346488915079287954698617466989761697309746062019573725975756591847761760088842040685669920147523360505883227422709728649134208804592186548626364854938029914277907338544671684072257802825920011100107396669862023474277426936826823245457168982176230357028968329652587827560670357610271052454276771681335063485666409204228123585382883017614833898797606730771312339247371572593940997945794877112387054

9.21034037197618273607196581873745683040440595451509190413331160387029043870940992094398882035839319336787113616914499453363810186033122702666514947639512675793162883330221872337519957930493279411357402123586151093051538465346488915079287954698617466989761697309746062019573725975756591847761760088842040685671

9.210340371976182736071965818737456830404405954515091904133311603870290438709409920943988820358393193367871136169144994533638101860331227026665149476395126757931628833302218723375199579304932794113574021235861510930515384653464889150792879546986174670306970816

9.2103403719761827360719658187374568304044059545150919041333116038702904387094099209439888203583931933678711361691449945336381018603312270266651494763951267579316288333022187233751995793049327941135740212358615109305153846534648891507928795469861746698976169730974606201957372597575659184776176008884204069168

9.21034037197618273607196581873745683040440595451509190413331160387029043870940992094398882035839319336787113616914499453363845472

9.2103403719761827360719658187374568304044059545150919041333127383
9.2103403719761827360719658187374568304044059545194467566

0.69314718055994530941723212145817656807550013436025524

0.69314718055994530941723212145817656807550013436025525412068000949339362196969471560586332699641868754200148102057068573368552023575813055703267075163507596193072757082837143519030703862389167347112335011536449795523912047517268157493206515552473413952588295045300709532636664265410423915781495204374043038550080194417064167151864471283996817178454695702627163106454615025720740248163777338963855069526066834113727387372292895649354702576265209885969320196505855476470330679365443254763274495125040606943814710468994650622016772042452452961268794654619316517468139267250410380254625965686914419287160829380317271436776

0.693147180559945309417232121458176568075500134360255254120680009493393621969694715605863326996418687542001481020570685733685520235758130557032670751635075961930727570828371435190307038623891673471123350115364497955239120475172681574932065155524734139525882950453007095326366642654104239157814952043740430385500801944170641671518644712839968171784546957026271631064546150257207402481637773389638550695260668341137273873722928956493547025762652098859693201965058554764703306793654432547632744951250406069438147104689946506220167720424524529612687946546193165174681392672504103802546259656869144192871608293803172714367773

2.3025850929940456840179914546843642076011014886294168182

2.302585092994045684017991454684364207601101488628772976033327900967572609677352480235997205089598298

2.3025850929940456840179914546843642076011014886287729760333279009675726096773524802359972050895982983419677840422862486334095254650828067566662873690987816894829072083255546808437998948262331985283935053089653777326288461633662222876982198867465436674744042432743651550489343149393914796194044002221051017141748003688084012647080685567743216228355220114804663715659121373450747856947683463616792101806445070648000277502684916746550586856935673420670581136429224554405758925724208241314695689016758940256776311356919292033376587141660230105703089634572075440370847469940168269282808481184289314848524948644871928572142816

2.30258509299404568401799145468436420760110148862877297603332790096757260967735248023599720508959829834196778404228624863340952546508280675666628736909878168948290720832555468084379989482623319852839350530896537773262884616336622228769821988674654366747440424327436515504893431493939147961940440022210510171417480036880840126470806855677432162283552201148046637156591213734507478569476834636167921018064450706480002775026849167465505868569356734206705811364292245544057589257242082413146956890167589402567763113569192920333765871416602301057030896345720754403708474699401682692828084811842893148485249486448719278096764